[0, 35, -79, 0, 48, -107, 0, 64, -104, 0, 48, -76]
[0, 35, -79, 0, 51, -115, 0, 70, -112, 0, 48, -76]
[0, 35, -79, 0, 54, -123, 0, 75, -120, 0, 48, -76]
[0, 35, -78, 0, 57, -131, 0, 81, -127, 0, 48, -76]
[0, 35, -78, 0, 54, -123, 0, 75, -120, 0, 48, -76]
[0, 35, -78, 0, 51, -115, 0, 70, -112, 0, 48, -76]
[0, 35, -78, 0, 48, -107, 0, 64, -104, 0, 48, -76]
[0, 35, -78, 0, 44, -98, 0, 59, -95, 0, 48, -76]
[0, 35, -78, 0, 40, -89, 0, 53, -86, 0, 48, -76]
[0, 35, -78, 0, 39, -86, 0, 52, -84, 0, 48, -76]
[0, 35, -78, 0, 38, -84, 0, 51, -82, 0, 48, -76]
[0, 35, -78, 0, 37, -83, 0, 50, -80, 0, 48, -76]
[0, 35, -78, 0, 37, -82, 0, 49, -79, 0, 48, -76]
[0, 35, -78, 0, 36, -81, 0, 49, -78, 0, 48, -76]
[0, 35, -78, 0, 36, -80, 0, 49, -78, 0, 48, -76]
[0, 35, -78, 0, 36, -80, 0, 48, -77, 0, 48, -76]
[0, 35, -78, 0, 36, -79, 0, 48, -77, 0, 48, -76]
[0, 35, -78, 0, 36, -79, 0, 48, -76, 0, 48, -76]
[0, 40, -89, 0, 35, -79, 0, 48, -76, 0, 53, -86]
[0, 44, -98, 0, 35, -79, 0, 48, -76, 0, 59, -95]
[0, 48, -107, 0, 35, -79, 0, 48, -76, 0, 64, -104]
[0, 51, -115, 0, 35, -79, 0, 48, -76, 0, 70, -112]
[0, 54, -123, 0, 35, -79, 0, 48, -76, 0, 75, -120]
[0, 57, -131, 0, 35, -78, 0, 48, -76, 0, 81, -127]
[0, 54, -123, 0, 35, -78, 0, 48, -76, 0, 75, -120]
[0, 51, -115, 0, 35, -78, 0, 48, -76, 0, 70, -112]
[0, 48, -107, 0, 35, -78, 0, 48, -76, 0, 64, -104]
[0, 44, -98, 0, 35, -78, 0, 48, -76, 0, 59, -95]
[0, 40, -89, 0, 35, -78, 0, 48, -76, 0, 53, -86]
[0, 35, -78, 0, 35, -78, 0, 48, -76, 0, 48, -76]



, 'ly': 0.0, 'rx': 0.0, 'ry': 0.0, 'gas': 0.0, 'brake': 0.0, 'hat0x': 0.0, 'hat0y': -1.0}
[54.71099588226323, 67.88775354582889, 104.78267500381273, 150.02287631538812, 109.6141528137868, 109.6141528137868, 127.62238828732652, 20.01220070154034, 49.87951807228916, 54.71099588226323, 119.71633368918714, 99.95119719383864]
[44.60881500686289, 67.88775354582889, 64.81317675766357, 150.02287631538812, 109.6141528137868, 109.6141528137868, 127.62238828732652, 20.01220070154034, 49.87951807228916, 44.60881500686289, 119.71633368918714, 139.92069543998778]
[44.60881500686289, 57.78557267042855, 64.81317675766357, 139.92069543998778, 99.95119719383864, 69.64465456763764, 117.95943266737838, 29.675156321488487, 89.84901631843832, 44.60881500686289, 129.81851456458747, 139.92069543998778]
[44.60881500686289, 57.78557267042855, 64.81317675766357, 150.02287631538812, 99.95119719383864, 109.6141528137868, 127.62238828732652, 29.675156321488487, 49.87951807228916, 44.60881500686289, 129.81851456458747, 139.92069543998778]
[44.60881500686289, 57.78557267042855, 64.81317675766357, 150.02287631538812, 109.6141528137868, 109.6141528137868, 127.62238828732652, 20.01220070154034, 49.87951807228916, 44.60881500686289, 129.81851456458747, 139.92069543998778]
[44.60881500686289, 57.78557267042855, 64.81317675766357, 150.02287631538812, 109.6141528137868, 109.6141528137868, 127.62238828732652, 20.01220070154034, 49.87951807228916, 44.60881500686289, 129.81851456458747, 139.92069543998778]




# forward
2022-04-20 10:35:21,850 - SpotMicro Motion controller      - INFO - {'a': 0, 'b': 0, 'c': 0, 'x': 0, 'y': 0, 'z': 0, 'tl': 0, 'tr': 0, 'tl2': 0, 'tr2': 0, 'select': 0, 'start': 0, 'mode': 0, 'thumbl': 0, 'thumbr': 0, 'lx': 0.0, 'ly': 0.0, 'rx': 0.0, 'ry': 0.0, 'gas': 0.0, 'brake': 0.0, 'hat0x': 0.0, 'hat0y': -1.0}
[54, 67, 104, 150, 109, 109, 127, 20, 49, 54, 119, 99]
[44, 67, 64, 150, 109, 109, 127, 20, 49, 44, 119, 139]
[44, 57, 64, 139, 99, 69, 117, 29, 89, 44, 129, 139]
[44, 57, 64, 150, 99, 109, 127, 29, 49, 44, 129, 139]
[44, 57, 64, 150, 109, 109, 127, 20, 49, 44, 129, 139]
[44, 57, 64, 150, 109, 109, 127, 20, 49, 44, 129, 139]
2022-04-20 10:35:22,981 - SpotMicro Motion controller      - INFO - {'a': 0, 'b': 0, 'c': 0, 'x': 0, 'y': 0, 'z': 0, 'tl': 0, 'tr': 0, 'tl2': 0, 'tr2': 0, 'select': 0, 'start': 0, 'mode': 0, 'thumbl': 0, 'thumbr': 0, 'lx': 0.0, 'ly': 0.0, 'rx': 0.0, 'ry': 0.0, 'gas': 0.0, 'brake': 0.0, 'hat0x': 0.0, 'hat0y': 0.0}
[44, 57, 64, 150, 109, 109, 127, 20, 49, 44, 129, 139]
